44 167 99 164 7 286 24 246 220 227 56 38 187 267 57 200 166 232 128 172 222 64 122 26 3 61 22 160 23 237 118 235 199 31 115 182 55 17 251 120 270 84 9 211 247 
38 168 34 110 4 299 210 159 193 136 263 261 198 53 188 29 28 40 239 86 253 191 147 6 76 81 291 20 255 51 192 100 30 186 46 178 52 278 175 
30 0 184 108 72 133 203 105 125 44 113 91 102 202 254 268 158 197 163 25 283 5 78 292 280 297 229 279 262 77 165 
32 234 275 87 8 85 162 92 225 144 79 245 230 174 284 282 82 117 195 269 190 90 45 124 238 264 66 154 231 194 97 189 173 
28 65 41 88 249 276 260 150 60 129 277 32 241 146 236 109 73 42 93 139 248 250 289 155 228 37 153 132 183 
25 36 179 134 80 58 218 18 74 21 224 96 14 157 298 177 48 101 287 205 71 223 233 240 169 274 
23 221 103 296 62 137 171 273 226 39 217 204 209 207 89 70 138 16 266 176 47 143 94 257 
21 216 116 294 212 15 285 290 156 185 27 295 140 131 98 10 145 142 215 123 208 149 
19 180 54 148 13 107 63 281 121 50 11 170 114 201 112 104 141 206 293 130 
18 33 75 259 127 19 213 214 244 258 111 119 83 106 152 126 69 1 151 
10 161 95 68 271 35 196 252 59 49 2 
6 243 181 219 67 288 135 
3 265 43 256 
3 242 12 272 
0 
0 
0 
0 
0 
0 
0 
0 
0 
0 
0 
0 
0 
0 
0 
0 
0 
0 
0 
0 
0 
0 
0 
0 
0 
0 
0 
0 
0 
0 
0 
0 
0 
0 
0 
0 
0 
0 
0 
0 
0 
0 
0 
0 
0 
0 
0 
0 
0 
0 
0 
0 
0 
0 
0 
0 
0 
0 
0 
0 
0 
0 
0 
0 
0 
0 
0 
0 
0 
0 
0 
0 
0 
0 
0 
0 
0 
0 
0 
0 
0 
0 
0 
0 
0 
0 
