143 6689 519 4618 7475 7499 2576 5424 5716 9799 9207 5027 394 677 2424 769 109 7471 583 2784 3459 1984 5996 3196 9320 4959 6457 2626 8521 8338 4050 697 9974 739 245 3795 9944 9144 5212 8530 5566 4806 6705 842 5422 665 6196 9075 1631 2600 1101 1491 2884 4699 8560 9195 3862 485 6757 2927 5569 930 3851 4787 5818 2841 8261 7594 5642 3894 7750 4440 3573 2281 5259 6425 1391 8621 2719 8136 3912 2563 6556 8428 1810 4634 2874 1767 2804 357 6629 7221 8392 9982 3517 9222 7063 2189 5585 3479 848 8012 4740 4783 9857 9261 9086 8036 5195 1507 9074 8577 8109 6328 7845 7509 8639 4408 480 7776 6390 1288 5399 4841 9646 6317 1158 6546 1662 6828 9936 3093 2090 2521 8925 757 1653 4393 2554 8196 9005 4795 868 8789 
126 1066 3817 5335 8175 7463 4601 4346 6783 5860 273 4377 1353 8518 9698 3564 8484 1630 3239 1372 9406 19 6159 9602 4109 5205 6916 4665 9628 1489 1994 7572 2635 9769 2245 9805 4855 6329 8637 8112 4986 4867 3875 2856 4064 6579 646 292 4031 7323 1896 4703 4062 514 9226 993 463 671 7564 1012 3842 3963 2041 4044 2938 9655 9882 3421 135 8569 7689 9510 1125 2892 4684 4619 4518 7541 6704 3382 9604 6590 1136 8362 7819 4155 6050 5927 7855 9096 5966 3244 2699 9204 9786 8479 8005 4837 7839 4916 8834 3336 5128 44 2170 8499 3415 9343 2210 6496 9427 1972 1903 3369 5592 8168 2821 2252 9931 8980 7824 8690 1207 4129 3871 4185 8850 
105 88 5497 6002 4094 2432 585 9626 554 5902 1528 8698 4008 6780 6493 8406 1530 4546 9401 2681 3786 6338 956 6836 1527 8425 5060 166 3565 5112 6026 1557 4585 5757 2235 1355 3124 7301 8984 7805 6930 1532 6179 6345 4866 2817 3295 6987 6909 9950 3843 3115 2390 7384 7178 8169 6488 2396 997 678 4259 370 2909 5175 521 1711 3908 7616 3391 7925 8531 3070 1196 3854 7076 7128 9414 5947 5488 9905 6440 4316 8145 3878 8166 9115 7473 2746 1497 632 1312 8802 5942 4522 6992 2824 1822 1958 4296 759 5720 6458 6723 7238 3781 4348 
100 606 9888 5086 8310 2920 2020 6115 541 5769 7188 672 5727 4742 9020 6123 2559 6924 5948 4833 9405 4056 5089 7602 8146 419 119 7236 3270 3047 1386 3585 1902 6818 5069 4958 403 8118 6842 8273 5076 7873 560 8981 5040 5301 7305 6905 3316 8916 1402 6609 2395 7755 5999 4893 5180 385 3446 6030 4452 3761 7598 4535 6469 6001 2267 9730 7893 4543 4039 3916 8524 5594 9767 9951 3568 8649 9332 2391 5249 2980 5822 3348 1798 4813 4399 8046 5490 9032 3670 8707 7105 7133 4277 6271 8185 4729 7281 1293 6934 
98 4525 8708 372 222 4307 8559 6952 4882 8630 55 6706 1605 2603 5881 7704 2738 3148 5535 8979 7975 2313 3411 4376 9045 8219 6446 9104 2482 5620 7232 2434 8804 9696 7216 2044 3770 9972 6956 9475 8928 3799 1692 1598 9983 4248 5473 2846 7949 6861 4457 6366 2386 8871 1886 9224 3299 7418 740 7505 8439 7820 72 4478 2674 6347 5183 7447 4026 806 6436 3561 8474 7981 3707 1063 3195 2318 8684 7681 4676 2046 9217 4271 3950 7723 3734 4670 3287 2363 4075 1483 3335 729 3857 2322 7481 9759 4474 
98 423 1305 9393 4894 6695 157 7965 7141 9305 3546 8213 5213 5990 5510 8262 4223 8462 2711 961 6307 6749 6742 7442 4920 2799 8236 5187 6029 896 3958 8597 4544 5713 6893 1152 8324 8644 660 531 2065 5256 6163 4014 1048 7865 9328 5323 6939 5389 1834 8603 1850 6552 9408 4323 5353 3201 154 8533 4890 7549 1632 9248 6215 4816 7538 7886 6166 4023 4881 7910 2625 7256 38 5277 4444 4519 9212 8712 3713 366 2833 927 7818 3378 8897 60 8942 5806 9589 840 2862 8594 6358 391 8941 4803 2658 
89 6466 9409 7429 3103 2429 8675 5304 6361 7398 4143 2641 2963 7792 7287 1637 4170 4575 4794 8346 9685 6900 6360 9710 2570 617 552 6182 177 4327 9133 2108 7715 4714 523 1647 3314 9496 7407 2452 2043 5442 9881 9213 1145 9783 8628 9884 5548 8833 6996 5292 3401 7738 5568 2988 7327 5200 5921 8076 4849 3956 7604 7199 228 6508 6592 7480 2775 5974 452 2425 1952 3040 479 1133 2307 9014 6878 8002 4896 1425 6364 5266 9432 1019 86 9517 5449 3110 
83 2519 6663 7861 741 2571 7849 3410 5227 4260 7116 9733 2278 4706 1635 6296 7117 1054 3294 5351 3370 8575 5554 6871 6652 7698 1441 3866 4318 8228 6739 4552 7573 2077 2829 2513 8164 2924 527 2614 6833 3053 3602 3474 3241 7566 8920 1567 3212 1840 8250 6712 520 7313 6497 953 2149 7022 6071 5448 4501 1971 4669 9063 3716 3658 5407 8985 1120 6998 3275 4203 1950 5735 8267 8674 9196 4922 3724 4018 9334 2185 980 6693 
80 4839 6277 1543 9514 2941 5406 2720 3869 4090 9473 3951 4885 1784 6485 2904 3105 7567 2399 8823 1465 4246 169 5050 2352 9265 2930 2900 2045 3133 64 7474 3885 7493 9300 4293 3772 7935 7339 118 8544 1470 4266 7217 2341 8688 6290 4870 6504 1370 53 591 827 5061 8725 3331 404 6754 4037 8013 4382 4313 2705 4534 7 4631 955 9746 3357 1403 7083 5413 9203 8648 7138 8372 5368 4451 3458 3931 124 
81 2735 4059 9707 5235 2316 2912 6767 9523 3667 5113 7040 3067 2531 8574 3329 7465 1200 7312 8093 3420 3462 5511 9871 7883 6764 3418 9889 3203 396 4247 1179 9720 3646 9611 4130 459 7620 2272 8511 2035 7907 663 1686 4789 6743 1989 3399 701 4878 621 851 7326 3582 4598 781 7107 5726 6926 5468 2137 6105 9551 5037 5456 6890 6400 5209 9637 8091 4531 9717 8138 5274 6789 20 8461 2659 8375 8301 2508 7111 
75 2465 3444 700 9679 1097 6843 7435 4873 7640 1438 2838 892 4414 9012 8382 2520 7580 9164 6747 7172 3663 8742 9429 6703 2314 4617 5526 4300 121 9420 8062 897 6374 1348 9208 2400 1345 1275 8212 6982 7370 9774 4067 5565 6829 1450 9327 8491 1072 4343 7652 8400 5013 9016 8060 2369 4681 8738 3683 9243 7545 4216 9390 6635 4978 7950 1043 5814 6007 2224 1254 4350 8710 1547 9472 
70 5018 6815 7401 5341 3025 6656 9820 3697 1593 945 3424 4935 5875 4910 8629 975 6316 3616 9947 6438 4643 1222 159 8378 2661 821 5160 9035 4195 9992 8434 2601 3673 4515 2766 3509 4776 3058 5309 689 9150 2325 508 3155 9902 1926 9073 7089 3511 1974 6797 3153 4674 9149 7412 68 8781 5972 9522 9371 6448 7424 1841 9938 5438 6492 7976 9937 8582 5398 
75 3090 3156 9003 3855 84 219 6502 7877 4583 6199 7140 328 3160 3461 7406 658 9087 3938 4558 9492 8831 5656 529 5477 8766 1738 3622 8419 4045 8617 5289 2906 2607 3997 7169 4843 6920 7091 2515 545 2205 857 7939 2095 5191 6906 5519 9344 8003 5421 8360 9995 6091 4917 3628 2588 2945 3814 5328 1419 4509 7593 6334 8232 9201 901 9850 1404 3087 56 8163 3664 9309 8874 8543 
70 5324 7928 5440 9979 4098 24 1170 3596 8209 5744 5808 9666 9137 41 4437 4233 615 8059 8042 6216 751 9842 3732 7745 128 1220 5009 2640 4564 8695 9419 7422 3606 2179 2228 3083 1197 3139 8692 4460 171 1255 4847 968 9009 2789 63 7254 4456 6500 1244 4466 6690 6394 5302 7369 3460 221 9200 8515 3520 5923 8744 3698 8308 4484 2853 8087 9069 623 
71 5970 8477 920 9752 6807 113 5387 3236 4428 2536 5746 2791 6450 8713 7574 2992 4613 6398 2250 9297 9546 8854 1494 2810 9388 6305 649 7045 7389 193 5702 399 3182 9114 433 8025 9955 6505 809 6806 2294 9234 6779 3873 2688 8049 2158 7838 4487 4462 3423 5613 9618 2704 1851 3274 4434 7955 1278 9059 2878 4180 3626 587 4861 4908 2130 4160 1157 144 6273 
69 4309 9325 6263 8420 5445 8783 1407 7156 7612 9166 3579 6804 5006 6068 4200 7554 3026 4101 3170 4021 5766 1250 1684 9132 5310 9165 7822 2187 544 4642 9141 244 2 7237 4297 6858 5026 1266 4512 3010 1870 3352 3498 7608 917 3823 6395 743 1032 7495 5795 3037 9715 4179 8775 5940 2030 6837 8455 913 3652 2138 2286 5119 6533 6748 8371 8171 6750 
68 1209 2949 2356 3457 5299 1815 3743 7810 1227 7451 1030 9078 6718 1121 1276 9511 7685 7034 7548 5853 1667 2665 374 5951 4007 4587 6800 5915 4800 9027 7967 4682 8591 9694 4264 3556 3127 2960 3141 9237 7531 8896 2950 3841 3834 6082 8811 1748 8655 6341 6675 331 731 407 4161 8398 8567 2671 5956 7302 3897 9953 9308 758 3576 8178 662 1247 
66 187 8703 1335 6649 9187 8932 3276 1883 2357 3575 9768 3024 4980 7243 1580 1503 3541 3129 922 172 3190 8368 1523 3366 2919 6103 1509 4930 8547 4357 6888 6857 5163 8645 4903 2956 841 2190 8442 1469 4597 359 2268 2068 3383 3933 9825 7582 6640 5641 8317 2974 8634 5276 7526 7617 6872 7257 7144 8683 3522 3872 5798 5253 4186 9215 
65 1900 3555 9283 1993 2135 6139 8149 3208 6110 8736 530 3197 5393 6352 8772 5182 9450 9316 6392 3636 802 4410 6587 5033 2260 596 8125 3691 1117 9378 8268 3328 8159 733 771 7321 1053 4805 4694 4874 2459 4902 8961 8746 6310 2621 158 3806 5246 9007 3995 491 3886 960 5784 5149 1577 5854 9876 4553 6507 2770 1210 9776 6997 
63 7070 8640 3607 8179 117 7687 9291 8449 7129 200 9274 5369 9254 9813 3108 2140 8796 2304 2787 8079 3623 1644 8075 9595 7542 4400 3436 8826 4085 890 4330 2526 5558 2996 5552 6655 9111 4217 6486 7868 5271 3152 7449 5938 642 7159 4596 4458 8234 7405 6524 6126 8255 9808 637 8467 5874 1336 4378 4319 9168 797 6919 
61 5934 9976 6456 61 3988 7455 1315 8376 6168 248 8157 5025 4869 8128 7637 8034 3554 2394 6584 832 8187 7724 7197 7900 6915 4566 2479 3340 618 8101 8067 151 1911 1714 3262 2646 5165 500 5863 2403 3977 4016 2891 9036 2188 2863 9959 1270 103 9318 9643 131 2113 6598 7002 2449 406 1898 9088 5179 2038 
62 9313 8329 1888 5300 610 1332 1833 7104 2143 2511 3403 4225 206 9926 9680 2497 92 1201 7372 7118 2072 5263 6067 281 9981 9968 7920 1123 5958 1592 1387 6415 214 7914 1988 963 4276 6299 6528 7411 6854 9107 3668 309 5110 8899 526 8269 197 1116 6568 9446 7400 8669 790 4545 4305 3984 472 9766 2208 3346 
60 3549 5192 6961 8395 2828 6404 4781 6558 8435 2748 8309 4848 7357 6192 5719 7211 7208 9033 2076 4749 8686 9632 9795 6283 4227 1417 1774 2362 9022 6083 3038 1796 8993 2398 6707 1876 1828 2590 9312 2617 253 7030 4187 8084 4102 2446 1881 1202 9994 2103 3002 9383 4215 7611 6585 7131 5939 3128 3032 9545 
59 4758 29 3149 4842 5402 9411 7180 1838 7889 9282 9633 5888 782 3807 9538 1272 1263 9832 4888 2388 7276 5803 5534 779 9724 4555 3077 3065 3924 7402 6733 7177 1719 6763 8627 4526 6079 9605 4719 2317 1740 5800 9426 2028 6194 429 8696 7349 9391 349 3126 937 3035 6246 149 8216 231 8321 6685 
58 1867 9675 489 5381 9581 3049 6658 9691 608 2293 1674 8835 6012 2605 4396 4485 3477 8243 4331 8882 7817 4206 7508 1458 826 1681 4798 9142 6171 4372 8361 2700 8446 3332 6253 6219 3920 6532 5741 4110 9727 1291 7708 966 4633 791 6844 5131 7074 540 2223 5924 9690 9635 6288 3402 325 1134 
57 6822 2883 7956 2327 6044 2233 1384 5189 1100 6711 95 2973 1550 7683 1884 853 5695 1601 3542 7837 5879 4792 3648 8134 1980 1008 130 6437 7812 7552 9348 9704 104 4038 9969 1017 3538 358 4524 5843 6632 6796 3876 1366 7486 1279 9942 6045 925 705 1454 7748 8488 3069 5273 3064 5538 
55 3629 713 3307 5598 6269 6418 1724 1609 2975 4661 720 5892 5214 2934 6856 9171 6570 4696 3373 8869 5356 9566 8691 9370 5901 7746 1429 6730 5308 3078 8415 8883 5155 3269 1325 6682 2255 2146 3309 3815 8208 5275 5283 1673 2193 619 1234 7752 9241 9971 5673 4951 6490 4103 3780 
57 1273 6831 9847 2986 1447 4637 2106 6786 5358 2780 9562 7870 2118 100 381 611 91 5866 4969 2667 4879 4653 1062 7691 5567 3710 5523 8656 9361 3285 9816 7995 6827 8763 2183 2816 6289 1678 4081 8794 5028 4422 971 3000 891 3627 9932 4905 3080 274 7977 6944 1951 5415 136 5697 2169 
56 1757 1664 6670 4536 6654 3826 7320 9128 2899 8328 8548 8198 9190 1910 9202 3701 4966 6422 1257 5564 5824 4105 7712 2898 5411 4106 5600 232 1069 4489 2109 7018 4804 8697 5303 9678 3339 3521 6671 3706 725 9667 7740 4504 8386 3484 2616 9568 858 7964 4731 9560 1892 4383 2238 8123 
55 2917 7399 3281 1138 1794 9347 1406 1852 9306 6455 4673 3601 5856 9116 4171 1733 1968 9028 7207 711 2958 1589 2160 9106 3450 8383 8814 9837 754 6923 4919 1328 4739 6162 276 4222 7961 7890 8604 7571 5681 2218 7721 9468 4581 4993 8589 8907 8638 8865 2604 6770 1510 7795 1038 
54 4071 8731 8728 8962 6189 5885 3005 9246 5487 3317 1223 1792 8989 6638 8285 704 1232 3290 1583 9526 1045 862 9980 3672 8116 6719 2159 3495 2039 534 3948 3674 3913 9853 4360 4732 2687 2328 8983 6732 6195 7517 6144 8183 5869 7026 6052 8717 5515 9956 9887 900 8089 2813 
54 8292 2061 7318 1005 7293 699 5218 3891 9851 2942 7874 439 7382 661 8951 8555 4607 3879 7081 7515 4211 8901 8151 1716 1924 9778 9498 6375 5715 6025 924 2062 1996 6423 496 6619 4933 132 1103 110 7336 5419 6651 9802 6781 2067 7814 2628 7215 6702 7151 4374 9532 9536 
54 7005 3471 4495 8271 190 9852 7082 4194 7428 4196 9634 6741 6034 3057 8955 5799 655 5240 1725 2023 5329 4550 501 8926 3416 9368 9988 260 6047 1165 9490 2213 8427 4889 1856 8912 4253 1548 3217 1099 3306 1373 6700 7603 3604 7803 1161 635 4041 4723 2493 4013 3097 2606 
52 7957 303 3692 8787 8557 2079 1414 4455 8351 3816 8085 1863 9286 85 1079 2505 7278 6491 4398 280 8148 1584 1110 7231 1761 9247 449 5675 2990 3483 909 6522 6036 4334 7292 8911 8776 4146 7012 9590 1696 597 1011 5936 6057 2175 7350 8607 6084 7702 9311 9476 
52 9619 6228 9140 3245 1773 3249 1251 277 3976 9559 3666 3112 3073 5043 6809 9610 5082 7569 2164 5514 6223 7857 4541 9292 6970 3251 3893 6816 8855 7098 7272 6167 577 2560 5102 1188 7966 6227 4864 4999 6209 4721 6876 3224 5867 7084 6623 7112 4883 8654 8210 170 
51 3167 2008 3253 9670 3918 627 7230 2422 5777 3921 8681 2261 4250 102 6971 3364 1620 3930 3993 934 7984 1612 3308 793 6122 4667 7361 8470 9185 6483 9416 537 2532 5315 2803 1151 1901 6097 1445 3260 8096 9525 4860 5607 4118 644 7781 2073 59 431 5476 
50 7657 4494 4066 7186 8489 817 2714 3572 3821 69 4137 7092 225 2771 9923 6213 1455 3793 1248 1997 1233 6156 8502 8807 683 8140 4497 6332 4190 6308 2365 4853 1265 3639 9173 9440 9122 3033 8706 2733 8305 3983 6667 7834 3923 8939 7166 6011 749 4662 
50 6381 2869 445 696 9046 6849 5466 4164 168 4285 266 4291 9018 8795 8367 5779 6593 1245 1104 8225 4784 9101 1643 6574 5627 5093 4970 6443 6777 9870 8709 1505 9571 4660 478 7185 4707 7055 4814 5270 5832 5395 9126 9443 1607 5065 9323 7035 8174 3286 
49 3055 4150 1735 3333 3168 8323 5890 5636 9830 5663 9965 1106 5601 6639 1729 9948 7103 9701 4498 3499 6140 3757 2024 8416 22 3045 7974 5614 7543 7060 5911 8318 5267 3803 4688 8443 2490 145 7596 2914 4771 234 5177 2623 3107 1226 5269 8131 7441 
47 1560 8587 2507 8302 9052 8020 1588 7086 4502 2181 9654 3435 2696 8504 8403 3946 8103 215 4491 152 319 4809 692 4912 2309 213 4562 6862 6636 9269 2650 2701 162 1122 1829 8457 5242 1669 522 2010 8797 6193 4760 3518 2243 1084 2253 
50 837 9216 6160 2296 5743 7846 9412 2006 2537 830 1963 7085 6814 7730 9809 9928 9539 30 2802 2921 2468 2741 5587 5305 8960 2086 6776 2274 4571 2085 5111 838 1807 6270 4304 7827 8223 265 7158 3162 4517 3581 5162 4909 9781 263 343 1091 8957 3569 
47 6901 8342 7064 3442 5359 9544 6164 8040 4153 483 5507 6356 9134 7043 2776 8296 8990 6896 52 6708 716 8033 9554 728 1516 6975 7726 8963 2199 5728 4312 335 2895 3777 5079 8144 9260 2339 3144 667 3192 7348 4702 8613 1718 3514 3456 
47 1515 957 5161 9901 7114 5034 3865 7249 9640 9382 2967 5453 7253 6784 8176 7829 7901 6885 599 178 7777 6407 1031 3967 112 1357 801 6205 256 8117 1463 3577 192 270 5722 236 6810 3175 7660 2013 8043 299 9811 8044 6351 7161 4778 
47 4078 7929 7709 477 6135 8426 6875 7876 9543 417 3840 2409 9846 2952 546 4270 1193 9859 9584 7266 3443 8105 6292 7860 4663 9091 2662 7345 1501 6187 903 1574 4237 6109 3151 8423 7269 6489 6236 1938 562 7559 5046 7303 5944 2273 7537 
47 6412 7799 6529 9935 4537 7677 9627 718 5120 6771 6000 4880 6601 1175 3258 886 2753 1389 7120 2375 6799 2241 9136 5768 9080 6608 6811 8779 2438 7006 653 5765 3353 8977 3610 5791 7283 7539 4650 2965 5846 3140 6867 4338 295 2276 5244 
46 3580 3371 4687 4586 3029 1013 3991 7666 1010 1955 7209 9617 1862 7576 6643 3247 9612 6737 2355 1029 3123 2595 3895 8562 8494 1449 958 1687 9844 9616 237 4627 3800 4960 1401 3744 3884 5685 6943 7821 1614 4445 8211 4197 5606 626 
45 2247 6724 297 7864 2788 2335 6206 1218 5957 1460 5783 2613 1873 8030 1324 7912 715 9000 5372 5073 7856 4055 490 4459 8074 586 5575 5605 4567 5228 1068 9279 765 2962 5251 9417 5204 7073 6049 9250 1658 3218 3238 2321 5588 
46 549 4379 6633 1866 8055 5698 4112 8832 4782 5699 3319 4593 2831 1109 3326 4278 8401 7592 3859 4764 7894 6138 7414 186 682 7220 7124 7155 1621 4827 8930 6599 5528 4178 4574 7213 6136 1801 7696 6986 5591 6853 8100 58 8677 557 
45 6198 4058 5971 7911 7553 9469 6951 326 6454 7737 4652 1331 7171 8737 4895 9272 1330 8450 1420 2383 9023 8289 6008 512 4188 5522 6033 676 2971 9285 1039 5418 5337 4391 3727 1517 3095 9873 6586 954 4315 8612 2227 3386 5629 
45 375 8520 8086 3640 8699 2455 2401 1500 9806 8791 6985 7785 9242 2033 9975 709 2565 7234 3798 575 6713 2955 1340 4578 2837 8347 4765 3545 5216 681 6383 6095 8635 6691 4946 139 5252 602 1148 6330 7568 9794 4865 6479 2764 
43 2009 734 1879 4693 7512 567 7631 1640 290 32 1587 6186 3839 3054 9537 3874 1521 3765 2504 9110 8764 4219 184 3961 941 9565 3801 7003 3150 735 4097 2427 4737 983 7204 5239 401 9486 4897 4425 5077 2638 5543 
44 1992 8840 8564 7229 2324 2957 8715 2305 8856 6710 9485 3082 8191 942 2745 9482 8956 536 6642 9240 279 5042 3896 7394 2644 7653 7969 2437 2506 2522 5774 8997 1184 2005 1127 6950 8130 5355 1826 3400 6073 9577 3860 9430 
43 1776 7561 5615 7993 2512 2915 502 846 4115 98 8642 7636 5701 572 2558 5709 6838 893 9734 1624 9077 8593 8539 8129 2414 2420 1916 1337 7852 5989 2047 7371 1675 1070 5075 6401 2157 1611 5436 195 5280 4446 49 
44 5868 2695 268 580 5654 8277 7648 8915 2442 9345 2657 5838 2673 1256 4775 2174 2622 3263 3062 7148 5278 278 83 8252 1750 2901 4521 7761 551 1608 8818 4923 7774 8066 7639 182 1728 2114 5731 818 4790 8714 8519 1173 
43 9563 6965 4984 2123 271 3068 3989 2566 9557 7922 1352 300 1168 3451 6237 5452 4685 5041 9722 3501 9941 786 8381 2494 4036 4831 6370 7306 2387 4342 3587 4780 2458 8558 1398 7869 9 5388 1823 5068 5408 638 8377 
42 5693 8509 4877 4387 2928 8274 3188 6021 895 6048 5584 775 2105 2547 1799 1182 7145 2151 4711 2153 6785 6774 547 6738 9188 304 9893 2533 6086 7963 6275 7396 7780 3109 3048 2080 7888 1680 1172 616 3880 7008 
43 48 7952 3527 6424 315 6304 989 2639 4421 1693 3605 5170 8800 7770 3784 5770 275 4002 5692 3009 4429 4407 5849 9506 5007 1434 7578 6841 9695 3726 94 6295 7024 1575 834 246 1698 5555 1953 1552 5311 296 2280 
43 474 4788 3409 3651 513 4630 3200 7638 3830 9182 3493 2585 6280 9570 8664 175 4086 7341 1081 6772 1720 1999 7624 9480 9438 2367 5984 9350 2058 703 4229 5392 7378 1600 2943 1731 5319 3349 1242 3302 7039 3994 6494 
42 9084 622 2774 7028 5710 9191 6255 2036 7628 5539 9684 9262 3532 7764 9641 1294 2732 7462 9917 9375 9407 2231 2632 7507 3437 2150 9181 8733 7470 5524 3882 386 7583 7946 5397 7896 7772 8352 7123 8972 8222 142 
42 4435 5717 1323 2436 5049 3490 8816 780 5503 2180 9177 8970 2292 3505 4384 6839 395 11 2808 405 2854 6027 9866 5905 8872 8312 7765 8769 6100 7308 8754 7469 1617 4943 6542 3172 3987 1191 3712 3589 6439 9753 
39 568 5222 2589 8586 9255 150 9874 9757 6261 5234 9738 6589 4046 4677 2141 1943 2397 1395 2568 5512 670 6734 5122 2834 286 570 2708 6835 2562 8045 783 3486 3819 3769 1576 8327 9875 12 4955 
40 1040 6662 1228 9452 6851 730 9631 8203 4139 7759 3717 6357 2885 2040 9276 3157 516 8748 8750 8545 8186 6149 5525 824 114 6254 6918 8256 3695 7300 9521 9340 1638 630 9922 8735 8910 5434 4047 9796 
39 8950 7088 4208 6752 1689 4299 9705 3375 9477 7245 3513 1846 9900 7271 2663 8485 3267 5464 865 5880 1965 1857 7353 6234 7299 5778 6660 460 7695 123 3240 4226 2259 2734 1581 8396 9918 2450 6080 
39 6541 4475 2538 1651 5572 3544 6069 3414 4035 5135 7595 3165 7915 9623 4282 3584 7440 37 639 3574 1314 1164 9527 7982 4892 6714 1691 2022 7332 8732 4303 3198 9193 1966 70 7395 573 8480 302 
38 1978 7711 1492 2230 482 9549 8133 8554 7246 1311 8938 2440 2875 7654 9963 3085 9424 6821 6863 1057 5039 914 8887 4290 5085 6040 2871 8068 1185 8280 2094 8313 4287 6968 6266 1261 1082 8527 
39 4214 6794 6694 8021 1625 6265 8573 3783 5036 7041 6498 2377 3657 9743 9823 4871 9139 7547 4125 7791 50 3130 7619 6666 9872 9352 2336 9008 7354 2349 5922 7973 9169 9797 4424 5057 4156 5857 2408 
39 7119 8029 9996 874 565 3966 4875 8682 3789 761 46 1511 6882 5188 7167 4213 7570 5233 4096 695 2994 7417 4547 7550 7099 7921 6937 4609 2785 2631 2598 746 8647 6664 6715 7489 6933 795 181 
39 3030 3008 8458 3176 1090 2539 4733 4602 66 5291 1443 6476 4347 1271 9001 9934 4690 3473 4454 3747 3075 2012 7385 451 5403 9877 6628 8315 1468 9066 4283 1467 5826 2786 4418 9719 316 1374 8106 
38 3693 9402 8158 1734 5771 8784 7787 5748 6272 6336 9712 6058 509 6963 9812 6641 2089 453 5210 1827 4801 7656 2860 8676 4201 3301 3960 7423 2807 7454 9099 7806 2301 7335 9499 4750 7404 7223 
38 8204 8189 8024 4184 6202 199 5285 2997 8421 1762 2059 7263 9228 1787 9911 6211 9085 732 6061 6803 9425 1065 7360 9725 7137 9603 2066 1832 5871 5667 4726 7054 8497 7359 8592 7783 1418 4987 
38 8102 3655 3540 1869 1830 6413 5678 9620 4028 9564 2360 5014 2366 1907 4499 1967 3621 1292 1743 6778 6385 5196 2232 3164 9125 6233 3094 9145 2161 9703 4918 6088 8132 5647 3858 1848 8884 9339 
37 768 3311 3849 3384 7430 9487 1804 992 6969 3261 2781 8257 2206 1897 3425 4821 5074 8841 4032 3962 7529 1717 7500 2256 5142 9235 7832 9683 810 3254 8152 8 8541 390 5458 5817 2055 
34 8878 6128 8536 5012 1723 6346 2404 969 8523 4111 2972 4718 3902 239 8988 3011 5360 27 4590 7439 2584 5261 7324 5321 7487 2643 5148 5788 6434 9747 7001 7766 5125 939 
33 9913 3475 6003 7492 1496 7692 4724 1912 8486 3007 9729 4486 365 4638 6326 9442 4033 1782 1405 9342 3355 7491 373 1928 8966 4859 436 5096 6881 1619 5547 7641 1540 
36 5343 9649 2426 9556 5541 950 3906 6023 6967 2385 2320 7916 9263 5219 4851 2861 1338 5023 7222 6339 3412 3397 6055 62 9310 9597 6017 650 6534 7087 5595 2211 6993 1549 1437 792 
33 8758 5282 8868 3915 8155 1845 8671 8220 907 7843 9574 4786 2979 9155 9355 8680 6353 1932 1603 1440 1171 4738 2545 7514 7841 9280 1375 8429 7163 6981 906 8350 9354 
35 6607 7020 3138 8774 3066 7690 2577 7840 6024 6659 1259 5462 7562 6519 1203 1471 238 3645 7419 8197 1329 7072 3725 3392 2201 6204 8092 3003 5423 5894 9793 9369 5443 107 5775 
35 1269 7329 8370 5090 6474 5712 3615 2578 7203 9516 294 2910 6120 3753 4594 9706 5220 9183 3379 9244 2868 6130 8015 6549 1076 466 981 204 5781 1141 2219 1290 1677 1001 6185 
34 5245 8739 4635 7255 6984 7686 8037 7364 475 462 4756 4167 3372 7262 3470 2417 8283 974 6940 2303 5574 3183 7067 468 7261 9622 5986 8454 9095 8905 4695 5150 9916 8120 
34 4948 5491 3092 839 4020 5602 9118 7642 3098 1985 8018 7532 7205 7502 5472 3233 4359 5537 77 1650 8039 6646 8660 2636 413 3189 7932 2692 1360 1812 4057 108 1701 9749 
31 9449 409 164 3818 127 4034 691 1211 138 7847 133 6181 8143 5367 1154 2757 9591 1727 9892 9041 5157 4745 8570 1452 9162 3243 796 5657 5790 7825 6111 
31 7936 3426 3191 241 1349 2797 8631 1595 6218 6331 7998 122 4591 7587 9218 1224 6444 4514 3242 9415 503 4151 3226 4083 5873 1277 1809 2029 307 9531 8861 
34 6913 5858 6756 4648 5829 2518 4615 4503 5576 6081 3909 5700 387 543 9785 863 5981 3808 1596 9428 2611 4448 5297 6231 7175 2222 6791 4513 7831 9271 5460 8008 9775 2117 
31 7109 428 5668 6119 9742 9657 3974 833 1466 1790 67 255 6908 4533 414 9113 6471 2932 8408 7908 8924 3488 1906 7717 5015 9650 1205 7311 2441 6613 9782 
31 2015 4666 448 823 8445 9466 3675 4163 8760 2104 8860 5172 1668 4621 6758 7377 8316 3979 5643 8859 1616 7851 3932 1665 7618 4010 7670 2389 8363 5225 7374 
30 6031 1313 330 9353 6698 7135 2291 8510 9962 1771 282 7021 9330 4834 9470 6137 2489 4708 2655 3100 5609 6396 7905 2843 1793 3762 9387 5029 5659 3618 
31 9256 5756 8768 5751 9681 6359 2543 3901 6379 8974 6240 2756 4979 8863 2358 1820 3406 4954 1382 8853 6846 4797 5429 4982 7991 4927 5459 9277 9331 410 8054 
34 2944 8978 1221 9890 2916 982 422 506 1302 4907 1872 7149 2393 9043 5725 5651 250 1502 7646 5645 2542 3982 721 2723 1708 6092 3106 7431 8320 6177 7586 9993 8898 5723 
30 7913 3050 5107 2464 6648 1412 1309 5907 2842 1392 4582 3231 8673 1941 5611 9709 8513 1885 7016 9365 6637 4791 7540 7307 2985 9120 7751 566 6453 5884 
30 4679 5352 8876 9209 1169 4356 1369 7525 6808 2959 9479 7987 4265 5729 4289 1578 3467 5789 5145 7694 7644 5521 504 2361 885 5051 9396 8098 8337 3812 
32 9090 5237 7224 825 2982 9314 1628 3785 74 7096 5101 4921 4236 9758 859 8873 7605 6286 9855 2800 6551 603 6604 2372 2195 5002 5560 4273 1379 3922 4077 3836 
33 1512 6877 8459 1904 951 7190 5428 1745 9858 2054 5451 6367 1656 8177 2139 2501 9629 3756 9017 7294 8689 6697 8810 3955 3059 755 738 420 7953 3715 5848 1306 3562 
29 7862 1908 3220 8379 3583 2126 2675 6538 106 2525 7007 3228 9651 1163 6620 5427 7887 9491 1361 1648 3237 3684 1107 8452 1295 6461 1230 6257 4755 
29 6403 208 1843 2217 3746 3194 3904 9789 4263 3877 9006 5385 5083 2633 4560 814 1890 972 3944 8626 7664 8734 3978 7184 4288 2221 5964 2618 3929 
29 1105 640 1913 2651 8094 8542 4113 7386 2156 3907 2835 1639 2084 8889 2239 2419 8336 7331 5691 8894 7029 2555 469 9771 443 2679 2864 3631 3711 
33 2166 5500 7319 4720 9105 2999 645 4099 2275 6865 2453 2477 5619 5262 1217 6612 3121 6798 7179 7260 1730 3937 8052 882 7485 4589 4308 899 4641 7391 5318 4392 3969 
28 719 3119 3970 1453 352 4202 5998 1461 283 3 1050 3351 3214 2873 4251 1917 4234 3649 9854 5752 5435 4257 6315 3787 6433 910 4886 8908 
32 7198 7585 4761 8991 1655 6503 5375 7445 7697 3305 8550 9800 9351 3925 3550 9592 9233 9863 878 5194 87 4579 345 6428 6343 525 7409 6990 1825 5499 3279 7049 
32 1113 1860 8848 3510 1508 6615 7477 8973 6886 7415 8799 3463 8027 7645 2634 1861 668 8817 2226 6429 4480 227 1824 6760 1739 3529 3131 9940 4769 6210 2905 9488 
32 3257 7210 3396 6942 3036 2060 4658 4371 4828 3465 4981 5045 338 6460 5527 2279 866 3659 5288 4576 6022 5081 8456 6510 8369 344 1080 8482 8463 5666 2818 5672 
26 5137 1977 7162 7282 6094 9070 9219 3039 1753 9357 8026 1317 2290 8969 7944 6957 2725 9692 4508 9529 7126 1488 3665 3497 8770 2848 
27 1178 1949 4938 4003 6098 4019 1800 3775 4093 5032 90 8976 1451 7675 3089 3763 8041 8050 3745 9773 3671 9792 6973 7565 8282 5504 8636 
30 3990 902 8207 498 5156 1627 3215 4477 8500 2467 5835 1756 7879 2713 3846 4473 9835 8307 2282 7728 747 888 1482 4994 9467 7338 383 1055 430 4145 
27 6252 6101 6989 6716 2648 4689 2374 2319 6921 2535 5872 1920 659 1183 6175 9907 7244 4076 2727 9502 2569 4218 8625 2200 7938 1006 3617 
27 311 6402 9761 9481 5899 1476 1264 5123 8407 8616 9288 1493 8583 3553 4565 2229 2102 2574 5943 4616 5333 2689 8364 7251 2953 3440 6260 
30 789 8786 7867 1518 4659 4409 2011 5792 8266 6746 7866 4856 4985 5133 6043 5704 5796 9315 3881 8756 2472 2014 4464 6107 2469 5127 5022 9296 9614 1343 
30 6150 2198 442 3972 6903 4403 8259 1215 5116 8659 9319 518 2332 4997 8438 6478 7160 5882 9161 8390 9437 4132 625 2707 1147 571 8572 7527 4268 5841 
26 3696 7732 8190 7933 3754 342 202 4397 1075 7286 6391 5105 3282 3361 1704 6472 6673 3720 5617 6964 4126 3677 8404 3185 1602 6063 
30 1024 7927 5425 5686 6141 9127 595 7187 1297 3271 6684 6726 6442 1130 5655 1504 4336 1498 2101 8242 426 4928 4620 6411 6860 8751 5508 7032 3543 1150 
30 726 4511 4815 9815 601 5433 2731 4605 147 9524 9838 3981 3625 7298 8366 4647 5906 2859 7264 5529 2779 6826 2371 5759 371 2152 7427 1865 8552 3380 
24 563 4017 7808 9002 949 1448 4394 126 1519 6459 7674 8528 1671 5482 9094 4743 5542 6388 6847 2165 7044 4728 2752 7093 
28 1194 4154 3947 7434 511 1189 5193 5550 1710 4104 7796 8952 4734 999 517 9239 2295 5199 9967 6553 2925 111 3934 5439 8090 6731 6258 9013 
29 8290 3910 4826 4957 986 5955 5674 7769 4990 9157 6605 1960 5583 3939 7551 8241 8496 8668 8465 7895 9518 4974 6954 6373 6959 7315 5055 675 845 
26 9550 2207 3502 3531 8694 9441 9015 7794 5364 3661 4692 7797 9572 7322 3385 7798 3954 5797 3832 5224 7170 1585 5935 3687 9404 224 
30 9463 9267 8440 1986 9575 9064 9561 458 843 8801 1198 2048 2248 1791 2129 6077 5483 1566 4655 3283 3678 5056 5916 8602 8501 5455 2456 778 5876 1929 
29 6884 6669 4807 3199 965 1365 4256 8263 1531 4989 724 7077 8646 612 2051 5805 3660 931 2331 2743 9777 4262 7225 333 4610 1909 4568 160 7649 
29 3758 2026 4686 4088 2333 9410 7309 4326 8827 5100 1981 1534 5767 125 5963 6337 887 5004 4817 4306 5454 99 51 8919 6948 36 3971 6569 4124 
29 7891 9011 4349 6927 9068 2686 4944 1752 8229 1424 7647 4988 4369 7735 877 4389 9386 9108 7421 1083 6852 4199 8724 2257 2312 3417 7214 2847 5467 
28 8104 1995 7546 57 9625 4207 9458 5409 1480 3146 8650 9221 5995 3428 4009 3266 9957 2575 9356 1174 4413 2197 6468 5677 1089 5058 811 6931 
23 7270 3338 4858 9268 3099 5208 4453 2947 2978 2093 9079 8771 7734 5755 7258 9174 5696 1661 2610 2823 3943 6955 1139 
28 6740 3779 5816 3114 2132 4713 629 5967 1937 40 1783 8291 1741 17 6525 3888 2471 8476 3318 3831 308 7606 4463 3132 2145 6285 9227 4891 
27 9920 3773 2783 5054 2323 3802 4328 3466 2184 2737 6625 2850 261 1964 9598 4370 5153 8287 8537 9841 861 6153 9148 1514 6278 9674 1052 
28 400 1142 6420 4245 3721 3102 7479 1475 6393 6201 6728 5243 8903 9298 2340 6866 8399 6588 9034 3350 4375 1128 5772 4402 2457 5718 1887 5865 
28 8566 1363 7446 1797 656 753 8300 674 6386 8288 2969 4549 8918 9886 7273 2254 1477 5706 803 7443 5740 347 1036 2423 9317 1758 2961 3480 
27 864 6155 6922 3354 8653 9819 1281 3949 6902 1688 3377 5929 7629 7875 1649 1124 7240 4488 8514 4131 2801 5207 4611 4295 598 1301 8778 
23 3578 607 461 8945 808 2989 5154 9337 9716 7848 7897 2097 6174 9399 5129 7739 2647 8765 5987 2880 7985 3255 5586 
27 6735 9503 1240 6729 7710 3482 3524 5861 3597 4628 6447 6414 3449 5104 2712 2496 337 5144 6419 2168 7095 1274 1506 7052 321 4091 3863 
24 5649 3468 7693 1700 4767 7456 4651 8540 936 3567 855 8495 9423 3177 988 7544 4095 1618 7584 9025 5410 9210 9558 2163 
26 9985 2881 3632 5495 9037 6805 6832 3782 8214 8551 9384 5313 1235 5852 4710 3096 5231 8723 8358 555 5596 5926 4267 3838 4962 5931 
24 4644 2209 4595 8687 7729 3394 7701 1859 3999 5670 6802 7106 8992 6006 5038 5109 6701 4165 8858 140 2579 3892 7615 1410 
26 2742 9495 9869 7226 161 1239 9130 5941 2652 9879 6203 6565 5052 9665 356 6180 4945 2890 9455 9898 2027 5978 3914 9494 6016 5665 
25 8447 8588 8614 4940 481 4705 3122 1004 163 8705 3593 4845 5862 8875 2484 3365 1268 2034 7279 8349 7484 1726 9259 5474 7937 
26 3104 6765 47 5917 4656 5579 2220 4664 5878 1934 3847 9163 1310 1597 1388 7212 9093 745 6577 2262 314 1982 9413 5342 3804 5760 
27 5517 8224 1564 3022 8615 4344 1746 7941 5837 4623 6064 7743 8590 4430 5420 3142 2832 7828 8600 7181 8409 1351 8221 2750 2728 7714 2410 
26 6004 3603 1326 4024 7682 5279 4353 15 5959 6451 4472 4964 9335 7786 3342 1249 574 3653 8579 287 2120 6621 4363 7219 5390 9573 
26 2523 7248 6475 284 7882 3759 9731 1166 6883 2402 4884 3016 2721 2552 8844 5217 4527 8852 3464 8436 3998 8333 5545 2475 3500 8847 
26 1697 6409 5017 4481 4645 8595 120 9089 2948 8058 987 7626 2903 2373 3404 2081 9662 6661 5447 7079 7591 9439 2287 4332 2814 5230 
25 8073 8448 1777 8747 8806 708 7665 9054 6864 4117 402 6539 4777 714 3004 8172 5577 2672 8880 8460 6176 3945 8238 8057 3043 
26 6239 1260 8803 9180 7425 8782 2653 4302 6106 5143 9779 3052 3489 96 5339 4053 8472 5965 4192 628 2870 3563 2794 6151 1137 8069 
25 6053 6473 8410 8902 5952 353 6161 1393 7004 9593 7807 3072 5357 2242 1572 2685 8611 5671 7033 7625 4079 5492 2683 9198 6595 
21 8184 6188 6268 542 8051 6683 484 9194 3101 4461 7942 777 2215 2266 5349 7959 8685 3184 7530 6294 9172 
22 8578 5913 9912 8193 4654 2078 434 889 5708 1167 2553 7333 8829 9098 5035 9223 4700 1095 5047 2976 6573 6870 
25 7768 5516 2338 354 4366 9964 4441 9303 7366 2415 9302 812 694 1237 334 8643 416 7168 2460 341 3452 9669 3344 5354 3588 
25 8892 1524 4657 4914 1487 3393 883 4406 9987 8755 1436 9867 7388 8286 4822 7970 785 4368 6183 2767 8846 1837 2583 2845 5688 
22 1563 6066 380 990 9284 2082 9433 6722 7365 2580 4746 3455 1187 5992 7201 5932 1683 6147 9656 4741 7289 2724 
25 4084 8464 7174 7494 8110 6537 2270 929 4426 912 800 5167 9400 2236 8741 6267 5139 3551 2064 3234 9189 6487 4506 4239 9860 
25 8792 9030 6575 2551 146 115 6925 6751 8017 918 8601 7999 9060 8498 8417 2347 1162 5363 3084 5095 3942 4324 4189 1149 2544 
19 8773 4449 6344 7823 2443 9828 9039 4632 1990 6668 5336 7132 7826 5290 2827 6941 5930 2421 8217 
25 3430 435 9586 8937 8785 9457 8353 8444 6672 5786 970 8127 8141 727 1657 2778 8777 5739 4961 7676 1544 1153 8001 8265 9326 
24 5721 933 7000 348 5628 444 7466 4937 8160 473 6824 8749 8181 4254 4975 6369 4505 3837 4354 9197 3422 3248 5494 1300 
24 6410 3017 5650 6512 9158 254 2192 65 5804 7009 2116 1945 1119 6980 1742 9500 1571 5707 2594 2083 8180 5855 6721 3662 
24 4624 2216 2167 7337 1181 3735 397 2107 4279 2345 1236 5099 7853 467 5286 9991 9688 2258 8114 1129 8877 5446 4725 4592 
24 2642 6125 849 6634 8665 9645 4965 5690 9358 6897 6977 875 6376 2350 5114 7858 4294 3303 8205 8658 8385 4904 4310 1526 
24 3368 212 1634 267 6313 7134 8864 4114 9362 6696 3750 8314 1368 185 8651 2772 8388 5078 6892 5630 4149 4926 8453 3535 
22 6745 1111 9394 9273 7066 7793 9167 5417 9278 7958 6312 5680 1238 5640 1044 9676 3376 9958 3264 5265 5616 8022 
21 9864 4704 4141 2702 8843 1946 5005 6983 8931 1672 1770 4386 4341 7247 9606 1636 8124 5362 9814 7597 1318 
24 209 5347 4029 3051 8272 2867 9264 9822 9896 2154 5904 9946 7871 5186 363 2306 2435 2798 8927 7951 421 5203 5631 2755 
23 493 4404 9065 6078 8652 7010 7048 6121 5933 1629 8813 2348 1499 8264 8466 2761 201 5928 3171 7183 3644 3448 3313 
18 4829 2480 6571 196 8987 4747 4701 528 8944 2826 1025 7328 8866 3797 5044 4683 5988 4540 
23 457 2382 3398 9159 1098 2119 9553 4089 5366 7403 5870 5092 3186 8405 7590 2002 9434 176 8380 7863 3405 7881 6467 
23 7314 6327 6526 9576 6523 8761 847 7503 2264 9671 8299 5019 4899 3525 346 4182 2987 3595 2564 4183 9711 590 9990 
23 5540 6567 9751 772 7668 4872 3811 2234 3845 7351 9930 8584 9762 1243 3996 9206 2503 2624 9178 6070 1495 794 465 
23 1421 1177 977 5724 5374 5298 1942 6727 9333 2017 8842 7661 340 4754 2666 42 2182 75 5121 1570 679 3586 1003 
23 4255 2782 9042 5088 5405 8953 3609 7931 3356 3300 3447 5694 4168 1853 1905 2716 8393 5264 7880 3310 5714 3012 4243 
22 1267 2690 1252 2473 7762 1299 2025 235 4825 9908 4335 9422 2087 4166 6406 5546 2249 5469 1641 8311 8424 9673 
23 5954 6536 497 9647 4063 1779 5386 10 1307 5016 8721 1839 9447 9460 3768 1383 6653 2946 7413 932 7202 7758 7304 
18 6039 2110 1591 2769 4388 8729 2587 1155 2918 1760 8053 4193 8451 6624 5787 944 7980 9461 
22 2495 7277 9512 9135 9949 2128 6848 355 7790 3487 9275 7288 5807 3630 8964 289 4998 5202 3641 4 2730 6221 
22 2147 4973 2031 3345 5400 3790 3476 3547 4209 2498 5031 6938 6869 8812 3187 8478 1231 3223 9454 7983 5030 9329 
16 2581 6378 9534 9630 8161 8014 3764 1413 7918 6449 5750 673 5331 3899 532 1961 
22 9845 4830 7448 6580 252 1930 9082 1539 2299 2186 8293 5993 6235 9053 6506 5115 2001 5432 2069 327 2586 998 
19 6912 9952 9151 4087 1308 7651 959 5314 8475 1933 7945 3018 3766 1622 7722 5190 9791 2019 2897 
21 2074 5920 4205 5241 6380 6677 2439 1071 9029 5625 6775 6812 6372 1535 411 8354 9772 6991 4691 8517 9281 
22 1970 6220 2937 6089 369 425 4119 2534 4770 7461 1690 3599 9367 6284 7358 3822 3413 4640 9818 6051 6354 8556 
22 6200 5626 1755 8529 1768 3044 2052 4221 4136 5632 4529 9366 2485 9807 860 1954 3642 3268 3250 5623 392 7011 
21 3334 210 856 8188 6243 6657 8007 5844 2596 1914 7397 760 9904 1975 6117 9713 5833 5011 4269 4242 7968 
22 4080 533 8609 7994 3453 9031 8505 6898 9508 361 9293 3526 4963 9728 3506 5754 8663 3485 4757 2488 8226 1212 
21 4507 1 9341 9062 5087 9652 5070 9624 9583 2148 9170 1444 2739 9230 5247 8507 1214 1594 1287 2888 2597 
21 1959 9702 8194 3117 8610 4639 6932 2042 4675 4906 9780 634 2517 664 1606 6368 5839 2194 7996 5836 3723 
22 5887 2056 7884 8412 1415 6178 7457 4443 5097 8492 6318 305 6554 569 205 220 7317 9067 7416 4649 7906 3883 
15 7013 5284 4351 5117 3481 3935 7607 2744 4298 8867 3898 4680 5753 3558 9176 
21 332 5377 7102 7387 7274 7754 9849 3494 1396 1979 1457 9050 9594 6232 5831 9119 3427 6979 9431 471 3120 
21 9385 7934 4863 1474 9156 4244 3434 6085 2057 7062 8258 1485 4001 787 6142 242 5024 6096 9891 648 6242 
21 5295 7557 9464 5238 6013 1364 6389 1831 7046 8532 9801 1446 5258 7027 4108 3063 8142 8790 7268 1805 7356 
18 3147 4355 8909 2548 6157 7164 116 6953 5496 1957 3407 5257 7038 7669 9596 9129 4554 9131 
21 3512 5158 6133 5962 6172 7381 3592 9790 7100 3714 8576 3738 167 1877 7833 7756 8893 7297 7310 3928 9970 
22 8254 6550 2852 5287 559 7344 8150 3174 5925 1253 6709 752 3953 3730 1786 2929 8195 7979 9010 9555 8535 2839 
17 666 8493 8743 8624 8662 3235 495 134 6626 6408 1556 3523 5845 317 82 2492 3656 
18 7108 6630 4532 2246 9444 3992 3213 3813 5793 2381 2855 3071 8598 6788 3965 2656 398 4996 
20 6208 2000 7663 6279 8851 5603 3867 8516 8917 9661 5582 6555 5633 5206 6230 3941 9123 5361 1573 8716 
21 9636 4107 8298 2173 979 2557 8072 5379 9939 9395 4395 2676 6945 1590 1694 7992 5414 1969 5599 3856 5682 
14 3654 8345 1541 2364 1283 8165 2572 4983 9699 9266 593 79 1086 4292 
20 6245 5732 8995 9833 7558 2444 7080 8693 6891 28 5132 2796 1732 6314 6976 7725 6302 9290 2271 3289 
20 7373 7193 3680 4953 7513 9038 3454 2115 1078 173 4322 6432 5416 1520 9040 5618 5912 8322 7042 1304 
20 9744 9613 4123 5622 3469 4159 9421 515 9718 6823 217 505 5733 1754 6421 3681 5544 1522 1472 4490 
13 2384 9231 2354 3154 2447 2500 7954 1112 556 2940 1484 6464 3021 
20 2649 35 5662 9505 633 9364 9192 1047 8343 4092 3796 6531 3206 6759 7885 8753 5918 7719 6065 2049 
19 5307 9100 1565 1660 8585 9639 9299 916 7718 2016 8954 5396 7241 8295 8849 2886 9061 7426 9700 
12 203 984 2793 3980 4671 7560 1380 9051 4061 6281 4556 8260 
20 4482 1430 8167 3429 7633 9324 1041 9056 6038 4176 6790 3019 153 5612 3613 2550 418 4766 8137 3204 
16 2297 4773 5201 6059 9103 2991 2762 6859 4116 8011 5638 9154 1085 1927 5084 7057 
20 4228 378 4862 1613 7516 6134 7392 3686 4232 3736 7960 2111 5945 1028 1334 1262 3792 6766 9915 9906 
12 8670 7194 3076 2451 9445 3079 1811 6787 6250 1115 5896 9374 
19 3557 2896 5660 9179 8413 7488 1891 3159 7047 4060 8135 6557 6929 9373 3600 5644 4284 7343 6650 
16 8711 4147 8097 3905 6617 1604 8432 8233 6530 9535 5823 7589 4785 226 9736 336 
19 6547 3594 5621 2602 2527 6426 2935 7065 6363 9389 6324 4362 4280 8235 9984 5889 4416 9214 4479 
19 3833 3537 871 382 8339 9379 1096 8108 2311 2351 9448 1737 1397 8365 9465 6535 1195 5493 8332 
19 318 6173 9497 2790 6946 1199 8933 6679 2995 339 5506 6949 5450 3013 6010 7801 1764 4911 5937 
12 1135 7962 9945 2378 1749 7523 2514 1073 8384 7017 1093 9638 
12 8890 5815 6572 5590 6561 5745 5215 4995 5703 1390 737 5551 
19 935 7152 657 5830 5610 1819 7614 7130 7749 4715 1769 1258 5687 6516 8522 3113 6978 1962 6148 
19 1186 2470 952 2406 1679 5001 1871 8126 6020 8247 4272 3927 9582 8608 2703 5126 13 1377 2691 
16 1803 3181 7830 2740 6165 4915 9143 8248 5736 7291 919 8487 5130 9977 9885 1868 
17 4352 8998 6596 8506 7727 4626 6874 1702 6736 829 1296 5624 9501 8879 447 4311 3041 
19 3445 9804 3940 6618 3752 2121 5481 5810 9092 1775 3374 915 7800 45 5345 5485 2830 2540 8154 
15 3708 7926 736 4365 1026 6578 6131 3820 3359 1788 5960 5048 5563 9097 4120 
19 6430 7097 2984 6962 6566 7872 3293 2244 9998 3704 7139 5893 6154 1490 4230 6768 3559 2098 4697 
11 9504 9798 4030 2344 5236 1814 5401 4427 3719 4240 7472 
18 6645 6009 2368 7903 3173 4073 9607 8004 1058 2466 9587 351 7031 844 5581 5312 9909 5063 
19 6563 313 6132 1346 1875 947 4224 6773 2765 8294 3968 2088 9745 5747 1059 3533 4049 8122 8078 
18 5711 1835 1160 7555 4433 2722 1394 538 412 6262 6276 2392 3219 8275 4570 6606 805 7154 
17 854 8348 876 1568 7143 4942 510 748 8922 9978 3590 3280 9689 2865 3864 5661 4158 
17 7379 6062 5684 3205 6041 9205 928 8064 3788 4612 8757 7290 2353 8279 1599 4040 4339 
19 9109 376 7019 5457 4496 7334 1715 4198 4539 6054 9236 9435 450 973 2993 8580 16 5973 8740 
18 3739 881 1864 6248 1537 3221 5689 223 1747 1321 6947 1765 2879 7136 5536 690 3591 8921 
15 1874 9199 6880 5486 7340 3387 7622 3700 2820 4577 8032 2908 9493 2968 8870 
11 6321 1320 9961 1806 4722 5185 2763 8391 3327 6093 6300 
18 9071 6966 3952 6999 2178 216 5976 6146 654 8720 4148 1836 2872 6108 4976 6118 7459 7460 
17 2112 3232 9836 2407 105 2612 5559 6820 8387 6303 6309 2567 2877 6037 5773 4333 1408 
17 4836 921 7643 938 93 4625 4947 2694 487 1298 7192 4142 6028 191 5003 8701 5118 
17 3740 8035 553 2809 8182 816 1818 9843 8218 3431 1156 1126 4934 6435 8199 764 5825 
17 8940 141 5124 3496 5373 3222 4712 7250 7265 7233 2334 564 1895 4162 207 651 8147 
18 3566 7191 4971 2907 1282 4314 1342 9225 7802 3395 9973 6145 4447 4516 1064 1014 7667 7533 
13 8965 6793 2144 8904 3060 1707 1816 5946 3023 8943 7943 6113 9834 
18 7380 415 578 5221 9659 2931 3031 293 322 4850 3419 5648 1219 9147 7892 2329 6958 1948 
14 7346 5250 4274 5340 4852 8512 8623 1347 9708 1712 2970 804 4968 4606 
17 507 6251 5260 5465 4924 2729 6830 2037 4748 1766 5327 6417 6005 8825 9960 3911 710 
17 6340 4405 5847 3211 5176 5730 9112 8081 1371 836 4004 2792 5634 6229 8839 3284 7577 
17 9289 2825 2857 2706 4561 9270 456 8281 2461 6928 312 3273 3015 6899 9220 3180 1350 
17 9735 6399 2075 3685 9321 6301 8437 4025 964 6224 717 33 869 6627 1987 3042 1378 
17 1685 1102 9232 7078 4072 4128 8270 2682 3137 5383 5066 8914 8657 143 2529 6611 8503 
14 1973 5062 4415 2844 5785 5166 1358 6014 4972 5475 1976 5505 9721 2326 
15 7662 5593 698 2370 561 7741 3074 5106 4169 7902 1991 5897 3143 3853 707 
17 3116 2654 3829 1176 3731 2715 5520 8431 996 7706 3118 1362 6355 2127 9668 9024 1569 
16 7196 6762 6681 1464 2754 6325 4932 9919 7842 1486 9294 3835 2277 8959 6840 1558 
16 7579 7535 156 6582 7763 3776 8246 4173 4468 8483 6688 4542 6761 6594 9307 393 
16 6293 9897 9741 6674 272 7588 7285 850 4835 2380 1241 4668 7978 2131 455 1327 
13 5332 2330 9026 1551 9363 8325 3634 8065 7452 1802 4956 652 9829 
16 4629 7438 6056 8023 1051 3323 7101 3919 7923 8752 9653 7518 6782 669 8162 4133 
14 1002 5021 4768 8534 34 7917 7420 3034 9580 5146 6019 1858 3718 5549 
15 2717 524 3210 7296 8798 9899 5268 3006 8206 7705 3771 3612 4600 994 6191 
16 3325 7816 967 4857 4340 6513 5184 6264 6452 9081 8418 911 3322 9336 6895 4157 
13 499 4824 7757 3256 6282 1432 7623 3158 9895 259 7121 8837 9552 
10 9121 5384 1094 2204 2524 5338 6323 5749 4759 6559 
10 3321 5463 2413 2050 5151 7390 4735 7165 6482 1646 
16 211 5426 7811 4074 774 744 4876 3136 8469 2795 7919 2811 6445 1479 6819 3528 
12 7779 3227 257 4898 4608 8231 269 8355 9660 2133 291 3825 
16 4493 494 5764 7316 9513 4204 614 4258 4238 198 1915 2815 1536 8082 2926 9677 
13 4467 5008 7259 3682 3973 647 3844 5761 6335 8888 4901 6074 7673 
16 3433 6480 7498 2893 8481 4212 2431 5827 2911 2849 2726 5378 4134 2289 7731 4220 
14 1206 7924 377 8344 6102 2478 6169 3598 1759 1049 8971 2196 5159 6350 
16 1046 6274 8820 21 2680 1435 2433 3360 5 8633 54 5010 9599 4614 3125 2225 
10 3647 2913 5840 6935 2889 7736 6032 6481 828 8641 
15 6076 1721 1553 7898 2315 5094 4423 8359 5136 3209 6792 4977 3441 3390 5953 
16 8173 9392 5809 2122 1921 2599 7125 1409 5530 80 2379 4672 750 2836 7375 5108 
12 873 6184 6678 1322 4210 6545 5430 1919 1935 9211 441 6087 
11 3291 4358 7352 9821 7408 4144 6511 4367 1813 8083 4042 
15 4854 7988 8667 9322 8767 4832 8745 5320 9739 2416 4551 7051 1473 298 9827 
13 5562 7490 7672 7904 1423 904 9989 7478 2629 4752 4678 3690 3408 
15 6825 2954 7176 582 2923 9826 6249 8335 4252 5053 2936 7688 7069 2203 1020 
11 3608 7610 8822 4762 815 6720 5980 8095 9484 8561 1359 
12 1778 3292 5532 470 9175 8526 6972 6046 8885 4401 1213 3679 
12 3362 8063 9376 9697 7504 4381 558 7878 4967 2310 424 1939 
15 6244 5437 230 3570 6104 1042 7627 5850 6427 101 5834 7437 9004 5819 1092 
9 2176 9152 1654 3959 7450 3503 2894 1744 4538 
12 7347 9160 1034 2561 9542 2668 7521 2202 1060 5676 5977 976 
14 9138 81 7659 5608 6873 991 4442 9453 1878 323 8468 3571 4808 7228 
14 3169 5382 6247 3534 6116 6868 8821 9664 7634 4235 6687 1542 6631 3985 
11 368 6306 4000 5470 2091 3852 9615 1144 1645 2922 2134 
9 7716 2749 706 8805 9057 6769 1623 6676 5571 
14 6647 9238 1944 6680 6042 5484 8010 9398 3728 2003 7744 9124 4364 3637 
14 3778 643 76 2933 5664 6813 8016 7071 7775 446 5489 5178 3134 8838 
11 4717 3748 2063 6431 3081 3917 8619 4563 8508 763 1923 
14 5344 7342 1431 5801 4840 870 8525 5181 9588 1462 188 3001 3975 5173 
13 9579 2966 9644 7630 2670 3805 2155 2004 8702 1663 7563 756 5961 
14 4913 2556 2240 6416 6602 7189 2142 9047 3889 3363 6287 5652 2697 5370 
11 7355 9894 183 1772 7023 2428 9755 8411 5461 2637 2819 
11 4048 9784 5380 5763 189 129 9756 6214 3046 5949 6405 
9 3358 5098 5330 5531 9381 6349 8666 535 7058 
13 6222 4939 3432 3216 1538 4082 6362 8678 8056 7520 3014 6212 5501 
14 9737 6907 2630 6462 8549 288 9102 5820 1925 2405 3343 3304 7496 7115 
14 4450 7037 3278 3722 9547 8471 9788 2483 4431 5229 1703 4054 8374 6241 
14 4709 6850 5994 5306 8304 1525 43 1554 7295 8836 9883 9507 2964 3619 
13 767 8780 4584 7368 6974 8284 2124 9856 2071 7157 1795 1204 685 
13 2981 5394 5211 1781 985 4730 9839 7142 3548 2136 1225 3347 8618 
12 4065 7267 2760 880 9295 686 5103 1808 5272 2342 5758 2100 
13 1676 8038 9478 1561 3624 7536 3794 7788 6936 8986 5322 1931 7700 
7 2418 7671 1780 4510 5316 7813 7742 
10 1208 1416 9456 5864 9083 5898 548 9540 898 5900 
13 7534 6597 6297 4012 7094 2284 7090 78 1280 1899 6717 9567 9770 
10 3193 867 8881 4175 6371 8936 8389 6112 4751 579 
12 5169 1422 5910 2645 4569 3296 4952 4599 5762 2096 2592 770 
7 7468 4603 7511 8891 1699 1983 7173 
12 2171 8239 5556 5391 26 243 4548 5597 4261 9861 762 7476 
13 3530 5782 3439 9687 4345 6755 4900 2546 73 1074 926 165 2530 
11 8546 2693 9397 592 8121 3519 2454 7850 5346 631 2251 
6 7227 8394 148 6291 1456 7789 
13 5557 5064 1947 2021 3699 8006 5738 539 9058 427 5737 2609 7393 
12 7239 8244 3277 1918 776 9966 9924 7859 7242 9338 8808 8947 
12 908 1428 8237 8153 1889 8828 1854 362 5431 7524 4931 5293 
12 3315 6197 8099 2684 9153 8201 2462 7747 4436 6564 9831 3688 
12 4744 7275 819 285 2285 1033 4051 1659 2487 581 9146 8019 
12 3669 799 7014 8009 155 7510 2018 7989 5223 8107 7436 6603 
12 6484 550 7971 5502 7720 604 5412 367 1303 1894 3229 3791 
12 4636 4802 9810 5908 2263 7195 8900 3810 3868 9764 4140 1559 
12 7068 6562 2882 2768 7699 5080 9245 2822 9787 5653 4779 5020 
8 7575 7940 8170 4152 9184 9714 4820 3611 
9 3381 8819 6225 2283 3472 2070 6495 324 1333 
9 6879 9072 5171 723 9933 8341 2491 6035 7235 
9 9349 7483 1229 9682 5842 5518 4812 1579 3492 
11 97 8028 6904 4121 5000 8357 3900 4380 5248 4753 2902 
7 5991 9471 1056 822 3703 5637 722 
7 1192 3536 7059 7947 9862 8249 9304 
7 6377 8704 4925 6397 4015 8726 5683 
12 39 7778 5635 5350 7497 9548 2092 179 8923 9648 6917 6384 
8 364 3330 5570 3179 9726 488 2608 6994 
6 7325 788 6311 6725 3741 6576 
11 7150 8857 4772 8565 6543 5877 6259 8441 6501 6817 4716 
11 4819 2977 9474 4992 9748 2876 5509 1216 6520 2032 5198 
11 7679 350 5794 6387 7363 2858 6887 8759 8202 1847 2773 
11 8996 8815 194 4043 813 5152 1936 2302 9608 329 6342 
7 7804 1007 6256 9760 2806 6217 4281 
8 3614 589 8473 3320 3166 2474 5812 9765 
11 7113 8620 5658 7707 9880 8115 2549 1285 5072 5232 8862 
5 8227 1582 3702 2698 8113 
10 379 2125 7599 594 609 6075 4572 7053 1367 2337 
9 9252 7153 2162 2499 6622 1354 5895 2300 4432 
10 454 2191 6581 5326 4385 620 6616 440 1615 4799 
10 388 4249 6333 3689 1666 9943 4412 702 432 3643 
11 8809 8830 1513 9929 7782 5997 2510 8061 4174 1341 2664 
8 4520 9754 5164 9903 14 438 9878 2677 
10 1459 137 6692 7556 8672 4991 3337 9585 360 1087 
10 8245 5679 5734 6124 687 3091 784 8356 2516 7467 
8 9251 9462 1400 3733 8215 5580 1849 6795 
10 2343 1709 6548 1035 2214 9253 8762 3676 7836 7784 
9 233 7635 9403 1533 4122 1289 831 18 4929 
11 9817 852 624 6995 3061 6320 7056 4231 8156 4286 7252 
11 584 5134 946 8906 3828 7200 4275 7127 1180 6465 4846 
10 636 4470 576 4135 5168 3515 3056 258 6614 1722 
9 5914 8334 3438 7997 7930 7367 5883 8622 1633 
8 1529 9732 5561 5365 3957 5776 3749 3478 
8 2751 9848 6560 5639 8934 3633 962 9117 
9 249 680 8031 2237 8845 3890 7280 6099 9865 
9 1016 5317 3635 8935 5705 8048 1385 8230 8319 
5 7948 712 9642 6 4622 
6 4011 6910 3020 301 6477 8331 
10 7501 6114 1286 684 4573 9076 995 5138 8538 5174 
4 8967 2759 4172 4069 
9 8373 3986 4698 6298 4373 8276 9997 1077 8913 
9 3694 5140 320 8297 5802 71 7771 6348 4320 
7 7464 8077 940 9986 1882 6470 247 
7 9925 7844 588 1108 4811 4936 3259 
5 5983 3774 9301 5294 1705 
8 4068 3163 693 2269 262 9257 5348 2998 
6 7444 9055 6072 4763 5604 8949 
9 1433 9541 3508 5479 905 7703 1426 4823 6158 
9 7680 3135 2805 8946 6226 600 5669 6322 7733 
9 3507 6699 9533 4439 8568 5197 31 2298 5859 
6 5371 3809 9663 4492 6514 2615 
5 5480 3246 879 7050 8414 
9 8895 9658 742 3178 3516 1940 5811 7146 8700 
5 8192 7815 7854 251 1481 
9 408 1411 1132 7753 9672 5828 5141 7410 5471 
6 6744 9021 2851 6382 8581 5325 
7 1143 2678 9621 264 6509 8251 3504 
7 4559 6540 3027 4100 7218 8240 4844 
9 7609 6319 6855 6894 7658 3552 6845 2376 2627 
6 2212 1610 9840 9600 2747 6152 
4 2736 9609 5376 7182 
3 9459 25 2481 
8 9229 613 7330 5950 5255 4181 3926 7036 
5 9483 1763 1893 8070 8948 
7 3751 8661 9686 6801 1021 3265 5404 
6 7684 884 9578 3312 2502 6365 
6 1146 5498 5851 6207 3848 3850 
6 7284 8975 4810 4774 6914 1642 
4 2718 1670 8080 6911 
6 3729 4727 9509 4438 1586 9380 
5 4411 4465 4580 4337 2411 
5 1319 1706 4005 605 2172 
4 3936 2476 2582 3887 
3 3202 6521 3620 
7 8326 1842 7528 8958 798 5813 8718 
6 1381 9258 7519 1478 8278 4177 
7 5909 7650 8200 6988 1736 4476 4530 
4 1399 6015 7899 7986 
5 8719 1316 3389 1442 8490 
5 8793 2777 4419 5147 8606 
6 2359 3650 8340 3297 3742 5334 
4 9954 9921 5533 6170 
